<!DOCTYPE html>
<html>

<head>
  <meta charset="utf-8">
  <meta name="google-site-verification" content="x769ihcPpzMLLAP03TIykIjylrYsAghgJfwpvP8LZ14" />
  <meta name="msvalidate.01" content="ECCB0341CC24C59E0D3F85526AB31105" />
  <meta name="viewport" content="target-densitydpi=device-dpi, width=device-width, initial-scale=1.0, minimum-scale=1.0, maximum-scale=1.5, user-scalable=yes">
  <!-- 
  <title>QuantumFlow Demo (1) --- Classify 3 and 6 in MNIST | JQub | ECE@GMU</title>
 -->
  <link rel="shortcut icon" href="https://ece.gmu.edu/themes/custom/sf_mason_basic/favicon.ico" type="image/vnd.microsoft.icon">
  <title>JQub | ECE@GMU</title>
  <meta name="viewport" content="width=device-width, initial-scale=1, maximum-scale=1">
  <!--<link rel="stylesheet" href="./css/application.css">-->
  <link rel="stylesheet" href="/css/style.css">
  <link rel="stylesheet" href="/css/application.css">
  <link rel="stylesheet" href="/css/mason.css">
  

  <link rel="stylesheet" href="https://cdnjs.cloudflare.com/ajax/libs/font-awesome/4.7.0/css/font-awesome.min.css">

  <script type="text/x-mathjax-config">
	  MathJax.Hub.Config({
		tex2jax: {
		  inlineMath: [ ['$','$'], ["\\(","\\)"] ],
		  processEscapes: true
		}
	  });
  </script>  
  <script type="text/javascript" async
  src="https://cdnjs.cloudflare.com/ajax/libs/mathjax/2.7.5/latest.js?config=TeX-MML-AM_CHTML"></script>
  
  <!--<script src="./js/application.js"></script>-->
  
  
<style>
.w3-serif{font-family:serif}.w3-sans-serif{font-family:sans-serif}.w3-cursive{font-family:cursive}.w3-monospace{font-family:monospace}
.w3-image{max-width:100%;height:auto}img{vertical-align:middle}a{color:inherit}
.w3-table,.w3-table-all{border-collapse:collapse;border-spacing:0;width:100%;display:table}.w3-table-all{border:1px solid #ccc}
.w3-bordered tr,.w3-table-all tr{border-bottom:1px solid #ddd}.w3-striped tbody tr:nth-child(even){background-color:#f1f1f1}
.w3-table-all tr:nth-child(odd){background-color:#fff}.w3-table-all tr:nth-child(even){background-color:#f1f1f1}
.w3-hoverable tbody tr:hover,.w3-ul.w3-hoverable li:hover{background-color:#ccc}.w3-centered tr th,.w3-centered tr td{text-align:center}
.w3-table td,.w3-table th,.w3-table-all td,.w3-table-all th{padding:8px 8px;display:table-cell;text-align:left;vertical-align:top}
.w3-table th:first-child,.w3-table td:first-child,.w3-table-all th:first-child,.w3-table-all td:first-child{padding-left:16px}
.w3-btn,.w3-button{border:none;display:inline-block;padding:8px 16px;vertical-align:middle;overflow:hidden;text-decoration:none;color:inherit;background-color:inherit;text-align:center;cursor:pointer;white-space:nowrap}
.w3-btn:hover{box-shadow:0 8px 16px 0 rgba(0,0,0,0.2),0 6px 20px 0 rgba(0,0,0,0.19)}
.w3-btn,.w3-button{-webkit-touch-callout:none;-webkit-user-select:none;-khtml-user-select:none;-moz-user-select:none;-ms-user-select:none;user-select:none}   
.w3-disabled,.w3-btn:disabled,.w3-button:disabled{cursor:not-allowed;opacity:0.3}.w3-disabled *,:disabled *{pointer-events:none}
.w3-btn.w3-disabled:hover,.w3-btn:disabled:hover{box-shadow:none}
.w3-badge,.w3-tag{background-color:#000;color:#fff;display:inline-block;padding-left:8px;padding-right:8px;text-align:center}.w3-badge{border-radius:50%}
.w3-ul{list-style-type:none;padding:0;margin:0}.w3-ul li{padding:8px 16px;border-bottom:1px solid #ddd}.w3-ul li:last-child{border-bottom:none}
.w3-tooltip,.w3-display-container{position:relative}.w3-tooltip .w3-text{display:none}.w3-tooltip:hover .w3-text{display:inline-block}
.w3-ripple:active{opacity:0.5}.w3-ripple{transition:opacity 0s}
.w3-input{padding:8px;display:block;border:none;border-bottom:1px solid #ccc;width:100%}
.w3-select{padding:9px 0;width:100%;border:none;border-bottom:1px solid #ccc}
.w3-dropdown-click,.w3-dropdown-hover{position:relative;display:inline-block;cursor:pointer}
.w3-dropdown-hover:hover .w3-dropdown-content{display:block}
.w3-dropdown-hover:first-child,.w3-dropdown-click:hover{background-color:#ccc;color:#000}
.w3-dropdown-hover:hover > .w3-button:first-child,.w3-dropdown-click:hover > .w3-button:first-child{background-color:#ccc;color:#000}
.w3-dropdown-content{cursor:auto;color:#000;background-color:#fff;display:none;position:absolute;min-width:160px;margin:0;padding:0;z-index:1}
.w3-check,.w3-radio{width:24px;height:24px;position:relative;top:6px}
.w3-sidebar{height:100%;width:200px;background-color:#fff;position:fixed!important;z-index:1;overflow:auto}
.w3-bar-block .w3-dropdown-hover,.w3-bar-block .w3-dropdown-click{width:100%}
.w3-bar-block .w3-dropdown-hover .w3-dropdown-content,.w3-bar-block .w3-dropdown-click .w3-dropdown-content{min-width:100%}
.w3-bar-block .w3-dropdown-hover .w3-button,.w3-bar-block .w3-dropdown-click .w3-button{width:100%;text-align:left;padding:8px 16px}
.w3-main,#main{transition:margin-left .4s}
.w3-modal{z-index:3;display:none;padding-top:100px;position:fixed;left:0;top:0;width:100%;height:100%;overflow:auto;background-color:rgb(0,0,0);background-color:rgba(0,0,0,0.4)}
.w3-modal-content{margin:auto;background-color:#fff;position:relative;padding:0;outline:0;width:600px}
.w3-bar{width:100%;overflow:hidden}.w3-center .w3-bar{display:inline-block;width:auto}
.w3-bar .w3-bar-item{padding:8px 16px;float:left;width:auto;border:none;display:block;outline:0}
.w3-bar .w3-dropdown-hover,.w3-bar .w3-dropdown-click{position:static;float:left}
.w3-bar .w3-button{white-space:normal}
.w3-bar-block .w3-bar-item{width:100%;display:block;padding:8px 16px;text-align:left;border:none;white-space:normal;float:none;outline:0}
.w3-bar-block.w3-center .w3-bar-item{text-align:center}.w3-block{display:block;width:100%}
.w3-responsive{display:block;overflow-x:auto}
.w3-container:after,.w3-container:before,.w3-panel:after,.w3-panel:before,.w3-row:after,.w3-row:before,.w3-row-padding:after,.w3-row-padding:before,
.w3-cell-row:before,.w3-cell-row:after,.w3-clear:after,.w3-clear:before,.w3-bar:before,.w3-bar:after{content:"";display:table;clear:both}
.w3-col,.w3-half,.w3-third,.w3-twothird,.w3-threequarter,.w3-quarter{float:left;width:100%}
.w3-col.s1{width:8.33333%}.w3-col.s2{width:16.66666%}.w3-col.s3{width:24.99999%}.w3-col.s4{width:33.33333%}
.w3-col.s5{width:41.66666%}.w3-col.s6{width:49.99999%}.w3-col.s7{width:58.33333%}.w3-col.s8{width:66.66666%}
.w3-col.s9{width:74.99999%}.w3-col.s10{width:83.33333%}.w3-col.s11{width:91.66666%}.w3-col.s12{width:99.99999%}
@media (min-width:601px){.w3-col.m1{width:8.33333%}.w3-col.m2{width:16.66666%}.w3-col.m3,.w3-quarter{width:24.99999%}.w3-col.m4,.w3-third{width:33.33333%}
.w3-col.m5{width:41.66666%}.w3-col.m6,.w3-half{width:49.99999%}.w3-col.m7{width:58.33333%}.w3-col.m8,.w3-twothird{width:66.66666%}
.w3-col.m9,.w3-threequarter{width:74.99999%}.w3-col.m10{width:83.33333%}.w3-col.m11{width:91.66666%}.w3-col.m12{width:99.99999%}}
@media (min-width:993px){.w3-col.l1{width:8.33333%}.w3-col.l2{width:16.66666%}.w3-col.l3{width:24.99999%}.w3-col.l4{width:33.33333%}
.w3-col.l5{width:41.66666%}.w3-col.l6{width:49.99999%}.w3-col.l7{width:58.33333%}.w3-col.l8{width:66.66666%}
.w3-col.l9{width:74.99999%}.w3-col.l10{width:83.33333%}.w3-col.l11{width:91.66666%}.w3-col.l12{width:99.99999%}}
.w3-rest{overflow:hidden}.w3-stretch{margin-left:-16px;margin-right:-16px}
.w3-content,.w3-auto{margin-left:auto;margin-right:auto}.w3-content{max-width:980px}.w3-auto{max-width:1140px}
.w3-cell-row{display:table;width:100%}.w3-cell{display:table-cell}
.w3-cell-top{vertical-align:top}.w3-cell-middle{vertical-align:middle}.w3-cell-bottom{vertical-align:bottom}
.w3-hide{display:none!important}.w3-show-block,.w3-show{display:block!important}.w3-show-inline-block{display:inline-block!important}
@media (max-width:1205px){.w3-auto{max-width:95%}}
@media (max-width:600px){.w3-modal-content{margin:0 10px;width:auto!important}.w3-modal{padding-top:30px}
.w3-dropdown-hover.w3-mobile .w3-dropdown-content,.w3-dropdown-click.w3-mobile .w3-dropdown-content{position:relative}	
.w3-hide-small{display:none!important}.w3-mobile{display:block;width:100%!important}.w3-bar-item.w3-mobile,.w3-dropdown-hover.w3-mobile,.w3-dropdown-click.w3-mobile{text-align:center}
.w3-dropdown-hover.w3-mobile,.w3-dropdown-hover.w3-mobile .w3-btn,.w3-dropdown-hover.w3-mobile .w3-button,.w3-dropdown-click.w3-mobile,.w3-dropdown-click.w3-mobile .w3-btn,.w3-dropdown-click.w3-mobile .w3-button{width:100%}}
@media (max-width:768px){.w3-modal-content{width:500px}.w3-modal{padding-top:50px}}
@media (min-width:993px){.w3-modal-content{width:900px}.w3-hide-large{display:none!important}.w3-sidebar.w3-collapse{display:block!important}}
@media (max-width:992px) and (min-width:601px){.w3-hide-medium{display:none!important}}
@media (max-width:992px){.w3-sidebar.w3-collapse{display:none}.w3-main{margin-left:0!important;margin-right:0!important}.w3-auto{max-width:100%}}
.w3-top,.w3-bottom{position:fixed;width:100%;z-index:1}.w3-top{top:0}.w3-bottom{bottom:0}
.w3-overlay{position:fixed;display:none;width:100%;height:100%;top:0;left:0;right:0;bottom:0;background-color:rgba(0,0,0,0.5);z-index:2}
.w3-display-topleft{position:absolute;left:0;top:0}.w3-display-topright{position:absolute;right:0;top:0}
.w3-display-bottomleft{position:absolute;left:0;bottom:0}.w3-display-bottomright{position:absolute;right:0;bottom:0}
.w3-display-middle{position:absolute;top:50%;left:50%;transform:translate(-50%,-50%);-ms-transform:translate(-50%,-50%)}
.w3-display-left{position:absolute;top:50%;left:0%;transform:translate(0%,-50%);-ms-transform:translate(-0%,-50%)}
.w3-display-right{position:absolute;top:50%;right:0%;transform:translate(0%,-50%);-ms-transform:translate(0%,-50%)}
.w3-display-topmiddle{position:absolute;left:50%;top:0;transform:translate(-50%,0%);-ms-transform:translate(-50%,0%)}
.w3-display-bottommiddle{position:absolute;left:50%;bottom:0;transform:translate(-50%,0%);-ms-transform:translate(-50%,0%)}
.w3-display-container:hover .w3-display-hover{display:block}.w3-display-container:hover span.w3-display-hover{display:inline-block}.w3-display-hover{display:none}
.w3-display-position{position:absolute}
.w3-circle{border-radius:50%}
.w3-round-small{border-radius:2px}.w3-round,.w3-round-medium{border-radius:4px}.w3-round-large{border-radius:8px}.w3-round-xlarge{border-radius:16px}.w3-round-xxlarge{border-radius:32px}
.w3-row-padding,.w3-row-padding>.w3-half,.w3-row-padding>.w3-third,.w3-row-padding>.w3-twothird,.w3-row-padding>.w3-threequarter,.w3-row-padding>.w3-quarter,.w3-row-padding>.w3-col{padding:0 8px}
.w3-container,.w3-panel{padding:0.01em 16px}.w3-panel{margin-top:16px;margin-bottom:16px}
.w3-code,.w3-codespan{font-family:Consolas,"courier new";font-size:16px}
.w3-code{width:auto;background-color:#fff;padding:8px 12px;border-left:4px solid #4CAF50;word-wrap:break-word}
.w3-codespan{color:crimson;background-color:#f1f1f1;padding-left:4px;padding-right:4px;font-size:110%}
.w3-card,.w3-card-2{box-shadow:0 2px 5px 0 rgba(0,0,0,0.16),0 2px 10px 0 rgba(0,0,0,0.12)}
.w3-card-4,.w3-hover-shadow:hover{box-shadow:0 4px 10px 0 rgba(0,0,0,0.2),0 4px 20px 0 rgba(0,0,0,0.19)}
.w3-spin{animation:w3-spin 2s infinite linear}@keyframes w3-spin{0%{transform:rotate(0deg)}100%{transform:rotate(359deg)}}
.w3-animate-fading{animation:fading 10s infinite}@keyframes fading{0%{opacity:0}50%{opacity:1}100%{opacity:0}}
.w3-animate-opacity{animation:opac 0.8s}@keyframes opac{from{opacity:0} to{opacity:1}}
.w3-animate-top{position:relative;animation:animatetop 0.4s}@keyframes animatetop{from{top:-300px;opacity:0} to{top:0;opacity:1}}
.w3-animate-left{position:relative;animation:animateleft 0.4s}@keyframes animateleft{from{left:-300px;opacity:0} to{left:0;opacity:1}}
.w3-animate-right{position:relative;animation:animateright 0.4s}@keyframes animateright{from{right:-300px;opacity:0} to{right:0;opacity:1}}
.w3-animate-bottom{position:relative;animation:animatebottom 0.4s}@keyframes animatebottom{from{bottom:-300px;opacity:0} to{bottom:0;opacity:1}}
.w3-animate-zoom {animation:animatezoom 0.6s}@keyframes animatezoom{from{transform:scale(0)} to{transform:scale(1)}}
.w3-animate-input{transition:width 0.4s ease-in-out}.w3-animate-input:focus{width:100%!important}
.w3-opacity,.w3-hover-opacity:hover{opacity:0.60}.w3-opacity-off,.w3-hover-opacity-off:hover{opacity:1}
.w3-opacity-max{opacity:0.25}.w3-opacity-min{opacity:0.75}
.w3-greyscale-max,.w3-grayscale-max,.w3-hover-greyscale:hover,.w3-hover-grayscale:hover{filter:grayscale(100%)}
.w3-greyscale,.w3-grayscale{filter:grayscale(75%)}.w3-greyscale-min,.w3-grayscale-min{filter:grayscale(50%)}
.w3-sepia{filter:sepia(75%)}.w3-sepia-max,.w3-hover-sepia:hover{filter:sepia(100%)}.w3-sepia-min{filter:sepia(50%)}
.w3-tiny{font-size:10px!important}.w3-small{font-size:12px!important}.w3-medium{font-size:15px!important}.w3-large{font-size:18px!important}
.w3-xlarge{font-size:24px!important}.w3-xxlarge{font-size:36px!important}.w3-xxxlarge{font-size:48px!important}.w3-jumbo{font-size:64px!important}
.w3-left-align{text-align:left!important}.w3-right-align{text-align:right!important}.w3-justify{text-align:justify!important}.w3-center{text-align:center!important}
.w3-border-0{border:0!important}.w3-border{border:1px solid #ccc!important}
.w3-border-top{border-top:1px solid #ccc!important}.w3-border-bottom{border-bottom:1px solid #ccc!important}
.w3-border-left{border-left:1px solid #ccc!important}.w3-border-right{border-right:1px solid #ccc!important}
.w3-topbar{border-top:6px solid #ccc!important}.w3-bottombar{border-bottom:6px solid #ccc!important}
.w3-leftbar{border-left:6px solid #ccc!important}.w3-rightbar{border-right:6px solid #ccc!important}
.w3-section,.w3-code{margin-top:16px!important;margin-bottom:16px!important}
.w3-margin{margin:16px!important}.w3-margin-top{margin-top:16px!important}.w3-margin-bottom{margin-bottom:16px!important}
.w3-margin-left{margin-left:16px!important}.w3-margin-right{margin-right:16px!important}
.w3-padding-small{padding:4px 8px!important}.w3-padding{padding:8px 16px!important}.w3-padding-large{padding:12px 24px!important}
.w3-padding-2{padding-top:2px!important;padding-bottom:2px!important}
.w3-padding-16{padding-top:16px!important;padding-bottom:16px!important}.w3-padding-24{padding-top:24px!important;padding-bottom:24px!important}
.w3-padding-32{padding-top:32px!important;padding-bottom:32px!important}.w3-padding-48{padding-top:48px!important;padding-bottom:48px!important}
.w3-padding-64{padding-top:64px!important;padding-bottom:64px!important}
.w3-padding-top-64{padding-top:64px!important}.w3-padding-top-48{padding-top:48px!important}
.w3-padding-top-32{padding-top:32px!important}.w3-padding-top-24{padding-top:24px!important}
.w3-left{float:left!important}.w3-right{float:right!important}
.w3-button:hover{color:#000!important;background-color:#ccc!important}
.w3-transparent,.w3-hover-none:hover{background-color:transparent!important}
.w3-hover-none:hover{box-shadow:none!important}
/* Colors */
.w3-amber,.w3-hover-amber:hover{color:#000!important;background-color:#ffc107!important}
.w3-aqua,.w3-hover-aqua:hover{color:#000!important;background-color:#00ffff!important}
.w3-blue,.w3-hover-blue:hover{color:#fff!important;background-color:#2196F3!important}
.w3-light-blue,.w3-hover-light-blue:hover{color:#000!important;background-color:#87CEEB!important}
.w3-brown,.w3-hover-brown:hover{color:#fff!important;background-color:#795548!important}
.w3-cyan,.w3-hover-cyan:hover{color:#000!important;background-color:#00bcd4!important}
.w3-blue-grey,.w3-hover-blue-grey:hover,.w3-blue-gray,.w3-hover-blue-gray:hover{color:#fff!important;background-color:#607d8b!important}
.w3-green,.w3-hover-green:hover{color:#fff!important;background-color:#4CAF50!important}
.w3-light-green,.w3-hover-light-green:hover{color:#000!important;background-color:#8bc34a!important}
.w3-indigo,.w3-hover-indigo:hover{color:#fff!important;background-color:#3f51b5!important}
.w3-khaki,.w3-hover-khaki:hover{color:#000!important;background-color:#f0e68c!important}
.w3-lime,.w3-hover-lime:hover{color:#000!important;background-color:#cddc39!important}
.w3-orange,.w3-hover-orange:hover{color:#000!important;background-color:#ff9800!important}
.w3-deep-orange,.w3-hover-deep-orange:hover{color:#fff!important;background-color:#ff5722!important}
.w3-pink,.w3-hover-pink:hover{color:#fff!important;background-color:#e91e63!important}
.w3-purple,.w3-hover-purple:hover{color:#fff!important;background-color:#9c27b0!important}
.w3-deep-purple,.w3-hover-deep-purple:hover{color:#fff!important;background-color:#673ab7!important}
.w3-red,.w3-hover-red:hover{color:#fff!important;background-color:#f44336!important}
.w3-sand,.w3-hover-sand:hover{color:#000!important;background-color:#fdf5e6!important}
.w3-teal,.w3-hover-teal:hover{color:#fff!important;background-color:#009688!important}
.w3-yellow,.w3-hover-yellow:hover{color:#000!important;background-color:#ffeb3b!important}
.w3-white,.w3-hover-white:hover{color:#000!important;background-color:#fff!important}
.w3-black,.w3-hover-black:hover{color:#fff!important;background-color:#000!important}
.w3-grey,.w3-hover-grey:hover,.w3-gray,.w3-hover-gray:hover{color:#000!important;background-color:#9e9e9e!important}
.w3-light-grey,.w3-hover-light-grey:hover,.w3-light-gray,.w3-hover-light-gray:hover{color:#000!important;background-color:#f1f1f1!important}
.w3-dark-grey,.w3-hover-dark-grey:hover,.w3-dark-gray,.w3-hover-dark-gray:hover{color:#fff!important;background-color:#616161!important}
.w3-pale-red,.w3-hover-pale-red:hover{color:#000!important;background-color:#ffdddd!important}
.w3-pale-green,.w3-hover-pale-green:hover{color:#000!important;background-color:#ddffdd!important}
.w3-pale-yellow,.w3-hover-pale-yellow:hover{color:#000!important;background-color:#ffffcc!important}
.w3-pale-blue,.w3-hover-pale-blue:hover{color:#000!important;background-color:#ddffff!important}
.w3-text-amber,.w3-hover-text-amber:hover{color:#ffc107!important}
.w3-text-aqua,.w3-hover-text-aqua:hover{color:#00ffff!important}
.w3-text-blue,.w3-hover-text-blue:hover{color:#2196F3!important}
.w3-text-light-blue,.w3-hover-text-light-blue:hover{color:#87CEEB!important}
.w3-text-brown,.w3-hover-text-brown:hover{color:#795548!important}
.w3-text-cyan,.w3-hover-text-cyan:hover{color:#00bcd4!important}
.w3-text-blue-grey,.w3-hover-text-blue-grey:hover,.w3-text-blue-gray,.w3-hover-text-blue-gray:hover{color:#607d8b!important}
.w3-text-green,.w3-hover-text-green:hover{color:#4CAF50!important}
.w3-text-light-green,.w3-hover-text-light-green:hover{color:#8bc34a!important}
.w3-text-indigo,.w3-hover-text-indigo:hover{color:#3f51b5!important}
.w3-text-khaki,.w3-hover-text-khaki:hover{color:#b4aa50!important}
.w3-text-lime,.w3-hover-text-lime:hover{color:#cddc39!important}
.w3-text-orange,.w3-hover-text-orange:hover{color:#ff9800!important}
.w3-text-deep-orange,.w3-hover-text-deep-orange:hover{color:#ff5722!important}
.w3-text-pink,.w3-hover-text-pink:hover{color:#e91e63!important}
.w3-text-purple,.w3-hover-text-purple:hover{color:#9c27b0!important}
.w3-text-deep-purple,.w3-hover-text-deep-purple:hover{color:#673ab7!important}
.w3-text-red,.w3-hover-text-red:hover{color:#f44336!important}
.w3-text-sand,.w3-hover-text-sand:hover{color:#fdf5e6!important}
.w3-text-teal,.w3-hover-text-teal:hover{color:#009688!important}
.w3-text-yellow,.w3-hover-text-yellow:hover{color:#d2be0e!important}
.w3-text-white,.w3-hover-text-white:hover{color:#fff!important}
.w3-text-black,.w3-hover-text-black:hover{color:#000!important}
.w3-text-grey,.w3-hover-text-grey:hover,.w3-text-gray,.w3-hover-text-gray:hover{color:#757575!important}
.w3-text-light-grey,.w3-hover-text-light-grey:hover,.w3-text-light-gray,.w3-hover-text-light-gray:hover{color:#f1f1f1!important}
.w3-text-dark-grey,.w3-hover-text-dark-grey:hover,.w3-text-dark-gray,.w3-hover-text-dark-gray:hover{color:#3a3a3a!important}
.w3-border-amber,.w3-hover-border-amber:hover{border-color:#ffc107!important}
.w3-border-aqua,.w3-hover-border-aqua:hover{border-color:#00ffff!important}
.w3-border-blue,.w3-hover-border-blue:hover{border-color:#2196F3!important}
.w3-border-light-blue,.w3-hover-border-light-blue:hover{border-color:#87CEEB!important}
.w3-border-brown,.w3-hover-border-brown:hover{border-color:#795548!important}
.w3-border-cyan,.w3-hover-border-cyan:hover{border-color:#00bcd4!important}
.w3-border-blue-grey,.w3-hover-border-blue-grey:hover,.w3-border-blue-gray,.w3-hover-border-blue-gray:hover{border-color:#607d8b!important}
.w3-border-green,.w3-hover-border-green:hover{border-color:#4CAF50!important}
.w3-border-light-green,.w3-hover-border-light-green:hover{border-color:#8bc34a!important}
.w3-border-indigo,.w3-hover-border-indigo:hover{border-color:#3f51b5!important}
.w3-border-khaki,.w3-hover-border-khaki:hover{border-color:#f0e68c!important}
.w3-border-lime,.w3-hover-border-lime:hover{border-color:#cddc39!important}
.w3-border-orange,.w3-hover-border-orange:hover{border-color:#ff9800!important}
.w3-border-deep-orange,.w3-hover-border-deep-orange:hover{border-color:#ff5722!important}
.w3-border-pink,.w3-hover-border-pink:hover{border-color:#e91e63!important}
.w3-border-purple,.w3-hover-border-purple:hover{border-color:#9c27b0!important}
.w3-border-deep-purple,.w3-hover-border-deep-purple:hover{border-color:#673ab7!important}
.w3-border-red,.w3-hover-border-red:hover{border-color:#f44336!important}
.w3-border-sand,.w3-hover-border-sand:hover{border-color:#fdf5e6!important}
.w3-border-teal,.w3-hover-border-teal:hover{border-color:#009688!important}
.w3-border-yellow,.w3-hover-border-yellow:hover{border-color:#ffeb3b!important}
.w3-border-white,.w3-hover-border-white:hover{border-color:#fff!important}
.w3-border-black,.w3-hover-border-black:hover{border-color:#000!important}
.w3-border-grey,.w3-hover-border-grey:hover,.w3-border-gray,.w3-hover-border-gray:hover{border-color:#9e9e9e!important}
.w3-border-light-grey,.w3-hover-border-light-grey:hover,.w3-border-light-gray,.w3-hover-border-light-gray:hover{border-color:#f1f1f1!important}
.w3-border-dark-grey,.w3-hover-border-dark-grey:hover,.w3-border-dark-gray,.w3-hover-border-dark-gray:hover{border-color:#616161!important}
.w3-border-pale-red,.w3-hover-border-pale-red:hover{border-color:#ffe7e7!important}.w3-border-pale-green,.w3-hover-border-pale-green:hover{border-color:#e7ffe7!important}
.w3-border-pale-yellow,.w3-hover-border-pale-yellow:hover{border-color:#ffffcc!important}.w3-border-pale-blue,.w3-hover-border-pale-blue:hover{border-color:#e7ffff!important}
.mySlides {display:none;}
</style>
  
</head>

<body style="background: url(/css/images/bg.png) 0 0 repeat; ">
	

  <div style="min-width:1200px;">

  <div class="sf-banner">
    <div class="sf-banner-inner">
      <div class="region region-banner">
        <div id="block-parentsite" data-block-plugin-id="parent_site" class="block block-gmu-core block-parent-site">

          <div class="parent-site-container" style="min-width:200px;">
            <a href="https://www2.gmu.edu/"><svg class="svg-inline--fa fa-chevron-circle-left fa-w-16" aria-hidden="true" focusable="false" data-prefix="fa" data-icon="chevron-circle-left" role="img" xmlns="http://www.w3.org/2000/svg" viewBox="0 0 512 512" data-fa-i2svg=""><path fill="currentColor" d="M256 504C119 504 8 393 8 256S119 8 256 8s248 111 248 248-111 248-248 248zM142.1 273l135.5 135.5c9.4 9.4 24.6 9.4 33.9 0l17-17c9.4-9.4 9.4-24.6 0-33.9L226.9 256l101.6-101.6c9.4-9.4 9.4-24.6 0-33.9l-17-17c-9.4-9.4-24.6-9.4-33.9 0L142.1 239c-9.4 9.4-9.4 24.6 0 34z"></path></svg>
            <span class="full-univesity-name">George Mason University</span></a>
          </div>

          <div class="parent-school-ext" style="min-width:60px;">
            <a href="https://volgenau.gmu.edu/" class="parent-site-link parent-school-name" data-tippy="Volgeneu School of Engineering" data-tippy-arrow="true" data-tippy-placement="bottom" title="Volgeneu School of Engineering" style="padding-top: 10px;">Volgenau</a>
          </div>
          
        </div>

        <div data-block-plugin-id="utility_menu_block" class="block-utilitymenublock block block-gmu-core block-utility-menu-block" style="min-width:800px;">
          <div class="utility-link">
              <ul>

              
                  
                    <a class="main-nav-link" href="/" style="color: #000; font-weight: bold; background-color: #EFDB92;">Home</a>
                  
              
                  
                    <a class="main-nav-link" href="/categories/bio" style="color: #000; ">PI</a>
                  
              
                  
                    <a class="main-nav-link" href="/categories/team" style="color: #000; ">Team</a>
                  
              
                  
                    <a class="main-nav-link" href="/categories/paper" style="color: #000; ">Publication</a>
                  
              
                  
                    <a class="main-nav-link" href="/categories/research" style="color: #000; ">Research</a>
                  
              
                  
                    <a class="main-nav-link" href="/categories/teaching" style="color: #000; ">Teaching</a>
                  
              
                  
                    <a class="main-nav-link" href="/categories/service" style="color: #000; ">Service</a>
                  
              
                  
                    <a class="main-nav-link" href="/categories/awards" style="color: #000; ">Awards</a>
                  
              
                  
                    <a class="main-nav-link" href="/categories/blog" style="color: #000; ">Blog</a>
                  
              
                  
                    <a class="main-nav-link" href="/categories/QF" style="color: #000; ">QuantumFlow</a>
                  
              
                  
                    <a class="main-nav-link" href="/categories/photo" style="color: #000; ">Photo</a>
                  
              

              
              </ul>
            </div>
        </div>
      </div>
    </div>
  </div>

  </div>
	

  <header id="header" role="banner"  style="height:208px;  min-width:1200px;">
  
      <div  style="height:150px; padding-left:60px; background-color:rgba(12,35,64,0.9);">
        <div id="block-sitebranding" data-block-plugin-id="system_branding_block">

          <div style="float:left; padding-top:10px;">        
            <a href="https://ece.gmu.edu/" title="Home" rel="home" class="logo" style="padding-left: 0px; height:120px;">
              <img src="https://ece.gmu.edu/themes/custom/sf_mason_basic/logo.png" alt="Home">
            </a>
          </div>
          <div class="site-branding-text" style="float:left; margin-top:50px;">
            <div class="site-branding-name">
              <a href="https://ece.gmu.edu/" title="Home" rel="home">Electrical and Computer Engineering</a>
            </div>
          </div>
        </div>
      </div>
  
  
	  
      <div class="titlebar container-fluid" style="height:60px; padding-left:60px; padding-top:5px; background-color:rgba(255,204,51,0.8);">
        <div class="row">
          <div class="col" style="padding-left: 0px;">
            <h1 class="site-title"><a href="/" accesskey="H" style="font-size: 0.7em;padding-top: 5px;padding-bottom: 5px;">Dr Jiang's Quantum-Classical Computer-Aided Design Lab (JQub)</a></h1>
          </div>
        </div>
      </div>
  </header>
    
  <div id="container" style="background: url(/css/images/bg.png) 0 0 repeat; ">
    <div id="wrap" style="background: url(/css/images/bg.png) 0 0 repeat; min-width:1200px;">
      
      <div class="outer" style="clear:both; width:1000px; min-height: 500px; margin-top:10px; padding-top:20px; padding-left:0px; padding-right:0px; padding-bottom: 30px; background: url(/css/images/bg.png) 0 0 repeat; ">
        <div>
    <article id="post-blog_2020-08-04-QFDemo1" class="article article-type-post" itemscope itemprop="blogPost">      
      <div class="article-inner" style="margin-top: -10px">
        
        
          <b><header class="article-header" style="font-size:24pt;">
            
      
      QuantumFlow Demo (1) --- Classify 3 and 6 in MNIST    
  

          </header></b>
        
        <div class="article-entry" itemprop="articleBody">
          
            <h1 id="QF-Net"><a href="#QF-Net" class="headerlink" title="QF-Net:"></a>QF-Net:</h1><h3 id="Layer-1"><a href="#Layer-1" class="headerlink" title="Layer 1:"></a>Layer 1:</h3><p><pre><code>Neural 1:<br>[1.,  1.,  1.,  1.,  1.,  1.,  1., -1.,  1., -1.,  1., -1.,  1.,  1.,    1.,  1.]<br>Neural 2:<br>[-1., -1., -1., -1., -1., -1., -1., -1., -1.,  1., -1.,  1., -1., -1.,-1., -1.]<br></code></pre></p>
<h3 id="Layer-2"><a href="#Layer-2" class="headerlink" title="Layer 2:"></a>Layer 2:</h3><p><pre><code>Neural 1:<br>[ 1., -1.]<br>Neural 2:<br>[-1., -1.]<br></code></pre></p>
<h3 id="BN-for-Layer-2"><a href="#BN-for-Layer-2" class="headerlink" title="BN for Layer 2:"></a>BN for Layer 2:</h3><p><pre><code>Neural 1:<br>lt 0.5; 0.3060<br>Neural 2:<br>gt 0.5: 0.6940<br></code></pre></p>
<h3 id="Accuracy"><a href="#Accuracy" class="headerlink" title="Accuracy:"></a>Accuracy:</h3><p>95.73% for MNIST with input downsampled to 4*4</p>
<h1 id="QF-Circ"><a href="#QF-Circ" class="headerlink" title="QF-Circ:"></a>QF-Circ:</h1><p><img src="/2020/08/04/blog_2020-08-04-QFDemo1/quirk.jpg" width="1000" alt="QF-Circ Implementation in Quirk, based on the trained model of QF-Net"></p>
<p><a href="https://algassert.com/quirk#circuit={%22cols%22:[[1,1,1,1,1,1,1,1,1,1,%22H%22,%22H%22,{%22id%22:%22Ryft%22,%22arg%22:%221.17233573%22},{%22id%22:%22Ryft%22,%22arg%22:%221.96925693%22}],[%22%E2%80%A6%22,%22%E2%80%A6%22,%22%E2%80%A6%22,%22%E2%80%A6%22,%22%E2%80%A6%22,%22%E2%80%A6%22,%22%E2%80%A6%22,%22%E2%80%A6%22],[%22Z%22,%22%E2%80%A2%22,%22%E2%80%A2%22,%22%E2%97%A6%22],[%22Z%22,%22%E2%97%A6%22,%22%E2%97%A6%22,%22%E2%80%A2%22],[%22Z%22,%22%E2%80%A2%22,%22%E2%97%A6%22,%22%E2%80%A2%22],[%22H%22,%22H%22,%22H%22,%22H%22],[1,1,1,1,%22Z%22,%22%E2%97%A6%22,%22%E2%97%A6%22,%22%E2%80%A2%22],[1,1,1,1,%22Z%22,%22%E2%80%A2%22,%22%E2%97%A6%22,%22%E2%80%A2%22],[1,1,1,1,%22H%22,%22H%22,%22H%22,%22H%22],[%22%E2%97%A6%22,%22%E2%97%A6%22,%22%E2%97%A6%22,%22%E2%97%A6%22,1,1,1,1,%22X%22],[1,1,1,1,%22%E2%97%A6%22,%22%E2%97%A6%22,%22%E2%97%A6%22,%22%E2%97%A6%22,1,%22X%22],[1,1,1,1,1,1,1,1,%22Chance%22,%22Chance%22],[1,1,1,1,1,1,1,1,1,%22X%22],[1,1,1,1,1,1,1,1,1,%22Z%22,%22%E2%97%A6%22],[1,1,1,1,1,1,1,1,%22Z%22,1,%22%E2%80%A2%22],[1,1,1,1,1,1,1,1,1,1,%22H%22],[1,1,1,1,1,1,1,1,1,%22X%22,%22X%22],[1,1,1,1,1,1,1,1,1,1,%22Chance%22],[1,1,1,1,1,1,1,1,1,%22Z%22,1,%22%E2%97%A6%22],[1,1,1,1,1,1,1,1,%22Z%22,1,1,%22%E2%80%A2%22],[1,1,1,1,1,1,1,1,1,1,1,%22H%22],[1,1,1,1,1,1,1,1,1,1,1,%22X%22],[1,1,1,1,1,1,1,1,1,1,1,%22Chance%22],[1,1,1,1,1,1,1,1,1,1,%22%E2%80%A2%22,1,1,1,%22X%22],[1,1,1,1,1,1,1,1,1,1,%22X%22],[1,1,1,1,1,1,1,1,1,1,%22%E2%80%A2%22,1,%22%E2%80%A2%22,1,%22X%22],[1,1,1,1,1,1,1,1,1,1,1,%22%E2%80%A2%22,1,%22%E2%80%A2%22,1,%22X%22],[1,1,1,1,1,1,1,1,1,1,1,1,1,1,%22Chance%22,%22Chance%22]]}" target="_blank" rel="external">Quirk link of the circuit without inputs</a></p>
<h1 id="Input-Generator"><a href="#Input-Generator" class="headerlink" title="Input Generator"></a>Input Generator</h1><p>github link (to be updated)</p>
<h1 id="First-Example-image-3-0"><a href="#First-Example-image-3-0" class="headerlink" title="First Example: image 3_0:"></a>First Example: image 3_0:</h1><p><a href="https://algassert.com/quirk#circuit={%22cols%22:[[%22~hs8n%22,1,1,1,%22~hs8n%22,1,1,1,1,1,%22H%22,%22H%22,{%22id%22:%22Ryft%22,%22arg%22:%221.17233573%22},{%22id%22:%22Ryft%22,%22arg%22:%221.96925693%22}],[%22%E2%80%A6%22,%22%E2%80%A6%22,%22%E2%80%A6%22,%22%E2%80%A6%22,%22%E2%80%A6%22,%22%E2%80%A6%22,%22%E2%80%A6%22,%22%E2%80%A6%22],[%22Z%22,%22%E2%80%A2%22,%22%E2%80%A2%22,%22%E2%97%A6%22],[%22Z%22,%22%E2%97%A6%22,%22%E2%97%A6%22,%22%E2%80%A2%22],[%22Z%22,%22%E2%80%A2%22,%22%E2%97%A6%22,%22%E2%80%A2%22],[%22H%22,%22H%22,%22H%22,%22H%22],[1,1,1,1,%22Z%22,%22%E2%97%A6%22,%22%E2%97%A6%22,%22%E2%80%A2%22],[1,1,1,1,%22Z%22,%22%E2%80%A2%22,%22%E2%97%A6%22,%22%E2%80%A2%22],[1,1,1,1,%22H%22,%22H%22,%22H%22,%22H%22],[%22%E2%97%A6%22,%22%E2%97%A6%22,%22%E2%97%A6%22,%22%E2%97%A6%22,1,1,1,1,%22X%22],[1,1,1,1,%22%E2%97%A6%22,%22%E2%97%A6%22,%22%E2%97%A6%22,%22%E2%97%A6%22,1,%22X%22],[1,1,1,1,1,1,1,1,%22Chance%22,%22Chance%22],[1,1,1,1,1,1,1,1,1,%22X%22],[1,1,1,1,1,1,1,1,1,%22Z%22,%22%E2%97%A6%22],[1,1,1,1,1,1,1,1,%22Z%22,1,%22%E2%80%A2%22],[1,1,1,1,1,1,1,1,1,1,%22H%22],[1,1,1,1,1,1,1,1,1,%22X%22,%22X%22],[1,1,1,1,1,1,1,1,1,1,%22Chance%22],[1,1,1,1,1,1,1,1,1,%22Z%22,1,%22%E2%97%A6%22],[1,1,1,1,1,1,1,1,%22Z%22,1,1,%22%E2%80%A2%22],[1,1,1,1,1,1,1,1,1,1,1,%22H%22],[1,1,1,1,1,1,1,1,1,1,1,%22X%22],[1,1,1,1,1,1,1,1,1,1,1,%22Chance%22],[1,1,1,1,1,1,1,1,1,1,%22%E2%80%A2%22,1,1,1,%22X%22],[1,1,1,1,1,1,1,1,1,1,%22X%22],[1,1,1,1,1,1,1,1,1,1,%22%E2%80%A2%22,1,%22%E2%80%A2%22,1,%22X%22],[1,1,1,1,1,1,1,1,1,1,1,%22%E2%80%A2%22,1,%22%E2%80%A2%22,1,%22X%22],[1,1,1,1,1,1,1,1,1,1,1,1,1,1,%22Chance%22,%22Chance%22]],%22gates%22:[{%22id%22:%22~hs8n%22,%22name%22:%223_0%22,%22matrix%22:%22{{0.1495317816734314,-0.28838270902633667,-0.09612756967544556,0,-0.25099977850914,-0.3150848150253296,-0.41121238470077515,-0.032042521983385086,0,-0.0747658908367157,-0.5180208086967468,-0.17623388767242432,0,-0.25099977850914,-0.42723366618156433,-0.04806378483772278},{0.28838270902633667,0.9276534914970398,-0.02411549724638462,0,-0.06296823918819427,-0.07904523611068726,-0.10316073894500732,-0.00803849846124649,0,-0.018756497651338577,-0.1299557238817215,-0.044211745262145996,0,-0.06296823918819427,-0.10717998445034027,-0.01205774862319231},{0.09612756967544556,-0.02411549724638462,0.9919614791870117,0,-0.020989414304494858,-0.0263484138995409,-0.03438691422343254,-0.0026794997975230217,0,-0.006252165883779526,-0.043318577110767365,-0.014737248420715332,0,-0.020989414304494858,-0.03572666272521019,-0.0040192496962845325},{0,0,0,1,0,0,0,0,0,0,0,0,0,0,0,0},{0.25099977850914,-0.06296823918819427,-0.020989414304494858,0,0.9451943039894104,-0.06879863142967224,-0.0897880494594574,-0.006996471434831619,0,-0.016325099393725395,-0.11310961842536926,-0.038480594754219055,0,-0.0548056922852993,-0.09328628331422806,-0.010494707152247429},{0.3150848150253296,-0.07904523611068726,-0.0263484138995409,0,-0.06879863142967224,0.9136357307434082,-0.11271265894174576,-0.008782804012298584,0,-0.02049320936203003,-0.14198866486549377,-0.04830542579293251,0,-0.06879863142967224,-0.11710406094789505,-0.01317420694977045},{0.41121238470077515,-0.10316073894500732,-0.03438691422343254,0,-0.0897880494594574,-0.11271265894174576,0.8529004454612732,-0.011462303809821606,0,-0.026745375245809555,-0.18530724942684174,-0.06304267793893814,0,-0.0897880494594574,-0.15283071994781494,-0.01719345711171627},{0.032042521983385086,-0.00803849846124649,-0.0026794997975230217,0,-0.006996471434831619,-0.008782804012298584,-0.011462303809821606,0.9991068243980408,0,-0.0020840552169829607,-0.01443952601402998,-0.004912415985018015,0,-0.006996471434831619,-0.011908886954188347,-0.0013397498987615108},{0,0,0,0,0,0,0,0,1,0,0,0,0,0,0,0},{0.0747658908367157,-0.018756497651338577,-0.006252165883779526,0,-0.016325099393725395,-0.02049320936203003,-0.026745375245809555,-0.0020840552169829607,0,0.9951372146606445,-0.03369222581386566,-0.011462303809821606,0,-0.016325099393725395,-0.027787404134869576,-0.003126082941889763},{0.5180208086967468,-0.1299557238817215,-0.043318577110767365,0,-0.11310961842536926,-0.14198866486549377,-0.18530724942684174,-0.01443952601402998,0,-0.03369222581386566,0.766560971736908,-0.0794173926115036,0,-0.11310961842536926,-0.19252701103687286,-0.021659288555383682},{0.17623388767242432,-0.044211745262145996,-0.014737248420715332,0,-0.038480594754219055,-0.04830542579293251,-0.06304267793893814,-0.004912415985018015,0,-0.011462303809821606,-0.0794173926115036,0.9729816913604736,0,-0.038480594754219055,-0.06549888104200363,-0.007368624210357666},{0,0,0,0,0,0,0,0,0,0,0,0,1,0,0,0},{0.25099977850914,-0.06296823918819427,-0.020989414304494858,0,-0.0548056922852993,-0.06879863142967224,-0.0897880494594574,-0.006996471434831619,0,-0.016325099393725395,-0.11310961842536926,-0.038480594754219055,0,0.9451943039894104,-0.09328628331422806,-0.010494707152247429},{0.42723366618156433,-0.10717998445034027,-0.03572666272521019,0,-0.09328628331422806,-0.11710406094789505,-0.15283071994781494,-0.011908886954188347,0,-0.027787404134869576,-0.19252701103687286,-0.06549888104200363,0,-0.09328628331422806,0.8412148356437683,-0.017863331362605095},{0.04806378483772278,-0.01205774862319231,-0.0040192496962845325,0,-0.010494707152247429,-0.01317420694977045,-0.01719345711171627,-0.0013397498987615108,0,-0.003126082941889763,-0.021659288555383682,-0.007368624210357666,0,-0.010494707152247429,-0.017863331362605095,0.9979903697967529}}%22}]}" target="_blank" rel="external">Quirk link of example 3_0</a></p>
<h3 id="Inputs-Conversion"><a href="#Inputs-Conversion" class="headerlink" title="Inputs Conversion"></a>Inputs Conversion</h3><p><img src="/2020/08/04/blog_2020-08-04-QFDemo1/3_0_32_32.jpg" width="112" alt="Original Data in MNIST 3_0 (4X larger)"><br><img src="/2020/08/04/blog_2020-08-04-QFDemo1/3_0_4_4.jpg" width="28" alt="Downsampled Image of 3_0 (7X larger)"></p>
